0.33196,-1.0312,-0.23173,0.19436,0.86111,0,66.043,1.4965e-05,0.32841,-3,-0.87014,0.72706,-0.4305,-0.046162,-0.43964,0.12626,-0.001792,2.625
1.1428,-0.1589,-0.16223,0.9331,3.6718,0,-43.784,9.8939e-05,0.45821,0,-0.83194,-1.6926,-1.024,3.0467,0.19206,-0.26761,-0.0060614,1
0.55245,-0.17658,-0.96077,0.72899,1.6279,0,-125.76,5.5665e-05,-0.098232,0,-0.51624,0.44624,-1.1703,1.1233,0.65406,0.020585,0.00010899,2.75
0.40036,-0.5832,-0.85228,0.38914,2.426,-1,82.193,4.9628e-06,0.73072,0,-0.96084,1.758,-1.1296,1.4118,0.16876,0.1018,-0.0008695,1.75
0.22321,-0.39892,-0.64915,-0.12852,2.2783,-2,36.946,-1.811e-05,0.42827,0,-0.84784,-0.9771,-0.604,-0.076937,-0.24385,0.095516,-0.001315,2.125
0.56036,-0.55157,-0.25618,0.30013,2.7111,0,14.803,-1.1721e-05,0.86798,-1,-2.0023,1.6811,-0.9815,0.28851,-1.0208,0.15526,0.00025614,2
0.65581,-0.041899,0.44913,-0.010291,1.2857,0,-10.986,3.8989e-05,0.045648,0,0.099897,-2.7774,-0.1553,1.5041,0.2552,-0.057639,-0.0056531,1.25
0.26687,0.11618,-0.30572,-0.14742,0.76237,0,24.802,2.8164e-05,0.065837,0,0.2881,-0.9771,0.3219,0.52702,-0.033804,0.028819,-0.00074954,3.375
0.42019,-0.94262,0.60004,-0.23025,1.482,-1,197.6,-3.3314e-05,0.36883,0,-1.0645,0.015387,0.1306,-0.3116,-1.1951,0.10234,-0.0010618,2.375
0.31611,-0.6592,0.11501,-0.024504,1.3906,0,89.136,3.1009e-05,0.4756,0,-0.2358,0.19619,0.901,0.91171,-1.1368,0.13901,-0.0021554,1.875
0.34119,-0.37257,-0.13442,-0.24333,1.7577,0,259.47,-3.7352e-05,0.53544,-1,-0.7883,-0.62704,1.1982,0.78476,-1.9865,0.13491,-0.0019175,1.625
0.41319,-0.07647,0.18561,-0.88365,1.8604,0,289.9,-3.847e-05,1.1006,0,0.039399,-2.0158,1.6581,-0.61935,-1.6187,0.15518,-0.0014754,1.25
0.29805,-0.12387,-0.28763,-0.49458,1.1816,0,208.74,-4.2922e-05,0.95742,0,-1.5235,-1.5734,0.013799,2.312,-1.5373,0.16272,-0.0040352,1.125
0.3521,-0.49853,0.39386,-0.97207,1.9209,1,34.703,2.2973e-05,0.43531,-3,0.3768,0.47701,0.5762,-2.512,-0.1994,0.11194,0.0020924,1
0.20855,-0.41369,-0.35996,-0.39777,1.0511,1,20.73,4.9633e-05,0.3483,0,0.41661,1.2348,0.50639,-0.52702,-0.089787,0.12313,0.00096649,1.5
0.36777,-0.7027,0.57059,-0.52028,1.44,0,15.705,2.1944e-06,0.31166,0,-0.6219,1.1887,-0.3549,-2.1812,-0.267,0.079784,0.0036811,1.75
0.32804,-0.075565,-0.20982,-0.90812,0.96052,1,92.012,9.3217e-05,0.71505,-1,0.094401,-1.2502,-0.6078,-1.5426,0.7022,0.12225,0.0024517,1
0.24057,0.3561,-0.33517,-0.43744,0.52287,1,-157.1,6.3673e-05,0.0086684,0,0.7307,0.19619,-0.1636,-1.3426,0.8943,0.0062651,0.0039934,1.5
0.20946,0.11842,-0.6905,-0.56211,0.49581,0,37.891,-6.0631e-06,0.26002,0,-0.046599,-0.70782,0.0926,-0.72321,-0.1392,0.11061,0.0010195,3.625
0.23915,-0.41928,0.085552,-0.31453,0.65694,1,-92.762,6.6518e-05,0.41843,0,0.2068,1.3695,0.4155,-0.95787,-0.2087,0.11646,0.0025876,1.25
0.477,-0.66411,-0.5013,-0.21954,1.4788,-3,209.06,-1.3393e-06,0.38635,0,0.0565,0.9771,0.2012,0.50009,-0.1447,0.10363,0.0020095,1.125
0.51694,-0.19769,0.093319,0.29685,1.2232,0,-29.623,-4.3475e-05,0.067779,0,0.418,1.9773,0.277,-1.4426,0.14101,0.082552,0.0042586,1.625
0.17384,-0.25394,-0.047092,0.33007,0.27025,0,-54.203,3.3354e-05,-0.036693,0,0.4498,0.16542,-0.1233,0.11925,0.5731,-0.080193,0.00014445,3.375
0.36315,-0.39553,-0.32383,-0.13729,1.2977,0,233.43,-1.4564e-05,1.4375,0,-0.6567,1.5003,1.0762,1.2233,-1.7329,0.13883,0.0015326,1.25
0.62136,-0.024898,-0.13651,0.071331,1.9867,0,136.59,-4.6213e-05,0.36118,0,0.4389,2.989,0.9978,-2.0427,-0.55891,0.042289,0.0061824,1.125
0.41192,-0.33591,-0.78385,-0.15422,1.2566,0,165.52,-4.8557e-05,0.87507,0,-1.1736,1.3695,0.045797,0.92709,-1.2194,0.14016,0.0017624,2.25
0.18636,0.5263,-0.10807,-0.54324,1.0258,0,-14.427,-4.3846e-05,0.071952,0,0.78181,-1.6689,-0.27861,-0.45017,1.0604,0.034476,1.875e-05,3.25
0.17254,0.8261,-0.7641,-0.35058,0.32988,0,10.795,-7.7016e-05,0.2586,0,-0.46801,-0.66976,-0.2995,-0.71368,-0.1685,0.057461,-0.00037977,1.75
0.28337,0.6916,-0.094958,-0.70512,1.1656,0,1.891,-9.3197e-05,0.24355,-1,0.6721,-1.8226,-0.31871,-0.47213,0.99081,0.02873,0.0017093,2.5
0.20793,0.98591,-0.64474,0.061941,0.66522,1,6.0593,-4.5635e-05,0.14105,0,-0.076699,-0.76858,-0.4402,-0.55997,0.3635,-0.11492,-0.0014841,2.125
0.20297,1.1533,-1.1232,0.35231,0.45373,1,27.913,-6.3717e-05,0.23111,0,0.275,-0.96622,0.69089,-0.74662,-0.41589,0.02873,-0.001346,1.875
0.18389,1.257,-0.90375,-0.41013,0.61944,0,3.4876,-8.5661e-05,0.13327,0,-0.26941,-0.83446,-0.6759,-0.72466,0.4065,0.0082087,0.00099095,2.75
0.16845,0.98595,-0.99163,0.087899,0.62892,1,43.348,-9.5585e-05,0.27395,0,-1.044,-0.68074,-0.030605,-0.68074,-1.0134,0.0082087,0.00093675,2.625
0.17869,0.72509,-0.41611,-0.50686,1.0233,0,9.6429,-9.6643e-05,0.15195,0,0.56451,-1.7897,-0.18791,-0.54899,0.75242,0.064643,-0.00075367,3.125
0.14648,-0.36181,0.22421,-0.2622,0.3668,0,-7.0499,-8.8731e-06,-0.12384,-1,0.60899,0.10245,0.15496,0.92205,0.45403,-0.035332,-0.0005781,3
0.13144,-1.1909,1.232,0.016173,0.31596,0,14.327,-2.4975e-05,0.04574,0,-0.32631,0.84522,-0.049979,-2.51,-0.27633,0.038277,0.0057205,2.5
0.16676,0.020103,0.064185,-0.70625,0.20876,0,-10.146,-2.8649e-05,0.011349,0,-0.1689,-0.78119,-0.02268,-2.51,-0.14622,0.027019,-0.00028224,2.625
0.13843,-1.0024,0.35997,-0.19237,0.40033,0,-27.464,-1.3218e-05,-0.16613,0,0.70239,0.23051,0.2238,0.92205,0.47859,-0.035332,0.00069899,3.125
0.19266,-0.027974,0.53,-1.1955,0.2709,0,-19.342,2.0265e-05,-0.1102,0,0.1195,-0.94767,0.10033,-2.4972,0.019171,1.1102e-16,-8.7167e-05,2.625
0.1141,-1.2437,1.2334,0.059017,0.32281,-1,25.318,-2.8551e-05,0.093682,0,-0.48201,0.76838,0.051511,-2.51,-0.53352,0.027019,0.005021,2.625
0.12886,-0.46754,0.19345,-0.25586,0.30054,0,-2.007,-2.4802e-05,-0.1151,0,0.49139,0.10245,0.12668,0.92205,0.36471,-0.057415,-0.0005692,3.375
0.24688,1.152,-0.93306,-0.95132,1.6099,-1,-2.3068,-3.6864e-06,-0.29905,-1,0.46569,-1.1141,-0.0060589,-2.9967,0.47175,0.033554,-0.0058488,1.25
0.2034,0.2696,-0.84461,0.076444,0.6291,3,-12.139,-2.2814e-05,-0.27451,0,-0.42142,-0.30735,-0.21856,-1.9081,-0.20286,-0.024724,0.00078874,2.125
0.24649,0.28869,-0.15617,-0.6828,1.9887,-1,-4.2447,1.8726e-06,-0.19499,0,0.3275,-0.064032,0.12301,-2.9967,0.20449,0.048933,-0.0005031,2.875
0.18887,0.71859,-1.0706,-0.25989,0.7428,1,-35.523,-1.3959e-05,-0.45898,0,0.46218,-0.55067,0.10321,-2.9839,0.35897,0.0068081,-0.0011667,3.125
0.26225,0.069712,-0.23436,-0.5966,0.57635,0,-19.242,-1.9239e-05,-0.19206,0,0.0071936,-0.19209,0.12081,-2.9967,-0.11362,0.052195,-0.0030384,2.875
0.23876,1.0976,-0.57278,-1.1569,1.0045,0,-0.6175,-2.1566e-05,-0.18652,-2,0.043494,-1.8825,-0.08846,0.44822,0.13195,0.033554,-0.0074563,1.125
0.1585,0.32938,-0.84883,-0.11783,1.9961,1,-14.34,9.8736e-06,-0.4067,-1,0.91898,-0.64032,-0.067368,-2.9839,0.98635,0.013049,0.0010071,3.875
0.37739,-0.33163,0.19462,0.75062,0.73325,0,-161.23,3.6452e-05,0.0030522,0,1.116,-0.63858,0.2971,0.39623,0.81889,-0.057639,-0.00090976,2.375
0.4617,-0.80059,0.12573,0.53075,0.77487,0,27.228,-3.8285e-05,0.383,-1,-0.3578,2.0542,0.090501,-0.93864,-0.44831,0.12351,0.003996,1.375
0.29697,-0.21373,-0.050888,-0.37766,1.1212,-1,44.551,-4.0167e-05,0.38789,-1,0.091099,-0.63089,1.0692,-1.031,-0.9781,0.13533,0.0016715,2.25
0.29264,-0.17355,-0.56022,0.61349,0.30919,0,-125.44,2.5626e-05,0.023241,0,1.3042,1.1618,0.7743,-0.58088,0.52989,0.028819,0.0039938,1.25
0.31529,-0.3959,-0.2486,-0.24402,1.3681,-2,37.26,-4.8148e-05,0.54974,0,0.97259,-0.26159,1.3406,-1.7811,-0.36801,0.10375,0.0025699,1.375
0.41173,-0.58018,-0.45173,0.27364,1.1708,-1,82.508,-2.5075e-05,0.85219,0,0.8596,2.4735,0.815,-0.29236,0.044597,0.11004,0.0030154,1.25
0.48093,-0.54854,0.14436,0.18464,2.3431,0,15.117,-4.1759e-05,0.98945,-1,-0.1819,2.3966,0.9631,-1.4156,-1.145,0.16349,0.004141,1.125
0.4939,-0.91713,-0.64553,0.4752,4.7935,-3,-139.94,-2.4415e-05,-0.0111,-1,3.2083,2.9275,1.3814,0.50779,1.8269,0.059942,0.0016661,1.125
0.6905,-0.58779,-0.49305,0.97274,5.4379,2,-211.76,4.3737e-05,-0.17219,0,3.3282,2.0619,1.1833,2.839,2.1449,0.02055,-0.0004079,1.125
0.61129,-1.3964,-0.077455,1.444,6.417,2,-120.89,-2.1341e-05,0.33023,0,2.4231,3.1506,0.43308,2.2312,1.99,0.095246,0.0033281,1.125
0.61489,-0.26462,-0.99592,1.0812,5.582,2,-331.13,4.3573e-05,-0.41291,0,3.8662,2.0119,1.002,0.89632,2.8642,-0.032538,0.0038144,1.125
0.31769,-0.93245,-0.81215,0.622,7.8018,-15,-104.03,5.4789e-05,0.54049,-1,1.9343,3.089,1.4009,0.81169,0.53341,0.086679,0.0017003,1.375
0.45519,-0.88555,-0.84239,0.7441,6.9671,-11,19.418,-1.3369e-05,0.79913,0,2.418,2.8044,1.2082,0.49625,1.2098,0.088504,0.0024961,1.125
0.44388,0.99597,-1.1724,-0.41691,2.4899,-2,29.643,-1.1762e-05,0.25063,-2,-0.4494,0.68474,-0.6042,-2.0311,0.15479,0.057005,0.0022339,1.625
0.49262,0.97921,-0.021655,-0.48941,1.6363,1,-139.22,1.5673e-05,0.029904,0,-0.39811,-1.6734,-1.6494,-0.35391,1.2513,0.077401,-0.00067084,3.375
0.47135,0.94962,-0.40218,-0.28791,2.7606,1,-261.27,4.1212e-05,-0.15845,0,-0.5809,0.026928,-1.4926,-2.8467,0.91169,0.062839,0.0045726,1.375
0.52234,1.0286,-0.39616,-1.1637,3.4071,1,22.101,-2.5775e-05,0.8259,0,-0.6246,-1.6657,-0.33839,-3.0544,-0.28621,0.10578,0.0032482,1.125
0.77433,1.1057,-0.10691,-1.2137,4.3535,1,-49.947,-2.9675e-05,2.6283,-8,-1.5484,-1.0387,0.511,-3.1083,-2.0594,0.11833,0.0035931,1.625
0.62309,0.88193,-0.3448,-1.0169,4.3954,-2,-66.795,-3.2066e-05,1.0111,-1,-0.5705,0.35776,-0.34619,-3.2083,-0.22431,0.021796,0.0040672,1.375
0.42543,0.98122,-0.86939,-0.77466,2.6739,1,-59.062,-3.0227e-05,0.68271,0,-2.1875,-1.2233,-1.9827,-0.1231,-0.2048,0.11331,0.00068841,1.375
0.069843,0.056259,0.15977,-0.15858,0.12227,-1,7.7365,2.8156e-05,0.13381,0,-0.47299,0,0.026598,-0.043919,-0.49959,0.030782,-0.00024793,4
0.15436,-0.12449,0.0024122,0.52466,0.96289,0,7.2686,7.2084e-07,0.11214,0,-0.16589,1.1748,-0.27451,1.3395,0.10862,0.10835,-0.0010659,2.375
0.18849,-0.39131,0.21407,0.31063,0.43221,1,-31.65,2.4758e-05,0.20999,-1,-0.25711,0.47213,-0.19559,1.7677,-0.06152,0.043458,-0.00238,2.375
0.16734,-0.18049,0.18671,0.18736,0.39625,1,-11.498,9.1768e-05,-0.071724,0,0.7123,-0.1098,-0.13041,0.34037,0.84271,-0.018943,0.0050859,2.5
0.12715,-0.2172,0.29585,0.46997,0.38435,1,-10.614,2.0909e-05,0.27374,0,0.4813,0.25253,-0.4204,1.7787,0.90171,-0.018943,-0.0026613,3.625
0.15205,0.11437,0.2061,-0.41772,0.12483,0,-9.7588,2.9724e-05,0.27208,0,-0.13519,-0.34037,-0.2865,-0.19764,0.15131,0.043458,0.00067169,3.625
0.14518,-0.3265,-0.085295,0.42555,0.38575,0,-34.966,2.9701e-05,-0.00092859,-1,0.3951,-0.076858,0.2008,0.30743,0.1943,0.14179,0.0041154,2.75
0.11195,-0.39566,-0.14397,0.019784,0.36697,0,-58.193,8.0504e-06,0.23788,0,0.36851,1.4164,-0.1543,-0.054899,0.52281,0.054724,0.0021029,2.75
0.2388,0.12149,-0.023327,-0.0064116,0.20879,0,7.7701,-3.7045e-05,0.2506,0,0.0064005,0.21959,-0.107,0.55997,0.1134,0.25857,-0.00034915,2.875
0.31971,0.10008,0.12946,0.15603,0.38365,0,18.764,-4.5243e-05,0.21689,0,-0.178,-0.15372,-0.054503,-0.83446,-0.12349,0.30646,0.0020138,3
0.36393,0.097958,0.017822,0.22145,0.44779,0,18.035,-7.255e-05,0.37875,0,0.15901,0.9772,0.12439,-0.12078,0.034612,0.25857,0.001265,2.375
0.32924,-0.40583,0.38526,-0.15399,0.57255,0,5.5741,-6.459e-06,0.045771,0,0.1486,-0.23057,0.1955,-1.1529,-0.0469,0.37611,0.0083674,1.375
0.96989,0.26496,0.11268,0.14116,1.2306,0,20.29,-9.4507e-05,0.60971,0,0.5023,2.6681,0.2399,-2.8877,0.2624,-0.45968,0.019946,1
0.23235,0.18766,-0.11024,0.12196,0.22543,0,6.8458,3.3309e-05,0.25774,0,0.22611,0.25253,-0.10382,0.55997,0.32993,0.11492,-0.00050154,3.125
0.3441,0.14103,-0.42729,-0.26069,0.53922,0,20.384,3.1581e-05,0.11046,0,-0.2983,0.30743,-0.1137,-0.94426,-0.1846,0.25857,0.0021335,3.125
0.18373,0.090244,0.28651,-0.02246,0.14279,0,0.71937,4.8025e-05,0.24713,-1,-0.248,0.29645,-0.12369,0.80152,-0.12431,0.038307,-0.00011638,2.625
0.29741,0.17977,0.45972,-0.53747,0.51325,0,0.1928,3.7971e-05,0.068911,0,0.39009,-1.0431,0.14761,-1.2297,0.24248,0.16759,0.0047666,2
0.18373,0.42208,-0.1007,-0.22921,0.58841,0,-35.139,0.00015505,0.11514,0,0.3707,-0.1647,-0.37681,0.01098,0.74751,-0.19154,-0.002583,3
0.17587,0.33941,-0.090154,-0.17525,0.55211,0,-29.75,0.000103,0.23965,-1,0.2445,-0.19764,-0.147,-0.20861,0.3915,-0.10945,-0.0026428,3.125
0.15206,0.36381,0.078065,-0.097991,0.14063,0,-21.253,3.891e-05,0.11406,0,-0.016618,0.01098,-0.22398,-0.054899,0.20736,-0.047884,-0.00023414,3
0.30653,-0.63838,-0.10694,-0.43514,0.68208,-1,8.6663,-2.0547e-05,0.37974,0,0.24021,1.7458,-0.11611,-0.52703,0.35632,0.11787,0.0074799,2.125
0.18021,0.3372,-0.58305,-0.36918,0.22719,0,-1.2169,4.3031e-05,0.075981,0,-0.1389,-0.31841,-0.026801,-0.61487,-0.1121,0.038307,-0.0002504,4
0.26174,0.72032,0.10662,0.37223,0.82147,0,-7.4431,-3.9606e-05,0.32135,-1,0.4381,0.54899,-0.47031,0.80152,0.90841,-0.59671,-0.0037563,2
0.1973,0.54766,0.27508,0.34607,0.82217,0,-3.2086,1.8069e-05,0.2809,0,0.2218,0.79054,-0.33429,0.80152,0.55609,-0.11787,-0.0012308,1.875
0.1129,-0.072201,-0.018055,0.033203,0.214,0,1.6211,-5.7192e-05,0.10626,0,-0.2195,-0.24155,0.095501,-0.1647,-0.315,0.062401,0.001053,3.875
0.35154,0.54126,0.16654,0.42319,0.81293,0,-0.64869,-8.8637e-05,0.37034,-1,0.1754,0.65878,-0.3133,0.80152,0.4887,-0.11787,-0.0027146,2
0.13365,-0.026944,0.032883,0.0063951,0.23527,0,10.362,-4.3745e-05,0.17764,-1,0.1145,-0.28547,-0.1148,-0.29645,0.2293,0.018943,0.0026171,3.25
0.3163,0.93869,0.074026,0.31526,0.84636,0,2.3061,-6.9946e-05,0.27622,0,0.6163,0.79054,-0.2538,-1.7458,0.8701,-0.16575,0.014624,1.125
0.10397,-0.021995,0.082287,0.1593,0.057334,0,2.4438,-4.3969e-05,0.13531,0,0.10969,-0.17568,0.060009,-0.21959,0.049684,0.13751,0.0014702,3.875
0.11745,0.053854,-0.021612,0.070764,0.043486,0,0.13541,0.00011988,0.06479,1,0.022897,0,-0.071789,0.19764,0.094686,0.19701,-0.00010226,3.625
0.36735,0.25491,-0.58593,-0.20294,0.57032,0,-5.5235,0.00054782,-0.36959,1,-0.40498,0.50507,-0.40263,0.19764,-0.0023463,0.34476,0.0026634,2.375
0.27584,-0.020102,-0.26779,-0.24449,0.14444,0,-8.6933,1.2058e-05,-0.065376,0,-0.3889,0.36233,0.050901,0.19764,-0.4398,0.25857,0.0018437,2.875
0.75776,0.080385,-0.079752,0.048214,1.1815,0,-4.1298,6.853e-05,0.0041303,0,-0.1128,1.603,-0.1306,-3.1951,0.017798,1.1102e-16,0.020712,1
0.28556,-0.33169,0.23045,0.0047577,0.3794,0,4.8305,5.8878e-05,-0.19091,1,-0.022293,1.0211,0.1316,0.19764,-0.15389,0.11492,0.0041466,3.125
0.16868,0.027842,-0.0036865,0.027249,0.82923,0,9.258,8.1833e-06,0.21271,1,0.072993,-0.58193,-0.038793,0.19764,0.11179,0.19701,-0.00032843,2.375
0.29847,-0.055213,-0.55679,-0.22657,0.51779,0,1.7523,8.6044e-05,-0.14581,1,-0.5389,0.47213,0.010196,-0.20861,-0.5491,0.52535,0.0030347,2.25
0.1521,-0.13132,0.20205,0.92238,0.25034,0,-0.72378,3.9424e-05,0.19667,0,0.092302,0.98818,-0.061207,0.76858,0.15351,-0.031342,0.001336,2.375
0.21451,-0.12254,0.54779,0.33728,0.53274,0,-23.903,-6.1656e-05,0.15199,0,-0.053696,-0.47213,0.072895,-0.021959,-0.12659,0.17552,-0.00031241,3.25
0.22755,-0.19755,0.15084,0.19073,0.57369,0,18.596,-5.9083e-05,0.23326,0,0.18559,-0.054899,0.5446,-0.13176,-0.35901,0.14104,0.0037575,3.125
0.27425,0.18157,-0.052416,-0.27533,0.44551,0,6.9425,-4.8039e-05,0.35029,0,0.42329,0.40625,0.84641,-1.9324,-0.42311,-0.069649,0.0048697,2.25
0.12202,0.10789,0.099135,0.8886,0.20562,0,-4.5831,-3.6492e-05,0.042813,0,-0.10971,0.87838,-0.32834,0.65878,0.21863,-0.11753,0.0032608,2.5
0.21948,-0.56832,0.45775,0.84597,0.32246,0,-12.812,-4.0091e-05,0.24469,0,0.60701,0.95524,0.24379,1.5152,0.36322,-0.26118,0.0013233,1.875
0.18874,-0.14691,-0.6069,0.40046,0.57107,0,24.276,-5.8458e-05,0.14201,0,0.1298,0.32939,0.7487,-0.01098,-0.6189,0.16977,0.0015949,3.375
0.55714,0.279,1.2308,-1.0711,1.4871,0,1.3527,2.1069e-05,0.0028931,-1,0.69409,-1.0589,-0.32707,-1.8556,1.0212,-0.027373,-0.00077136,3.25
0.28933,-0.37572,0.49114,-0.50016,1.3313,-2,-16.709,-1.7265e-08,0.094051,0,0.9218,-0.45381,0.2783,-0.45381,0.64349,0.087593,0.0010757,1.625
0.24155,-0.094729,0.22924,-0.66783,1.2173,-1,21.462,1.4239e-05,0.50931,0,0.55139,0.99839,-0.1843,-2.6725,0.73569,0.10477,0.0033833,2
0.27402,-0.59982,0.31883,-0.29804,0.33773,-2,20.231,-1.5605e-05,2.6158,-1,0.21651,1.8657,0.3928,0.12102,-0.17629,0.13042,0.0026211,1.375
0.45804,-0.39651,0.35363,-0.57016,2.1449,-2,33.508,-1.2582e-05,1.1985,-1,0.9579,-1.0286,0.3773,0.44373,0.5806,0.12904,0.0019144,1.125
0.28016,-0.60812,0.88607,-0.52942,1.3717,-1,-1.0814,2.6178e-05,0.1574,0,0.7467,-0.28237,0.3216,0.070593,0.4251,0.049271,-0.0010966,2.5
0.24749,-0.29179,0.55465,-0.62967,1.3737,-2,31.65,4.2819e-06,0.30372,0,1.0172,-0.37314,-0.012697,-0.050424,1.0299,0.09385,0.00067587,1.875
0.21067,0.0781,0.5418,-0.51404,1.1743,0,-31.781,1.1807e-05,0.14671,-2,1.5173,-0.86729,0.2051,-0.91771,1.3122,0.095257,-0.00065948,2.625
0.21727,0.49288,-0.19786,-0.32664,1.6747,1,-24.868,-1.996e-05,-0.15793,1,-0.9029,-2.1515,-0.28125,-0.14087,-0.62165,-0.05872,-0.0047902,1.625
0.19224,-0.17368,-0.21717,0.18758,0.86621,-1,-16.347,-2.3227e-05,-0.22493,0,0.011796,-0.10245,0.3507,-0.14087,-0.33891,-0.024724,-0.0027675,3.5
0.14164,-0.023684,0.069175,-0.11193,1.7615,0,-3.7353,-2.3406e-05,-0.030752,0,-0.17099,-2.2667,0.0022973,-0.15368,-0.17329,0.028997,-0.0013252,3.375
0.21386,-0.29381,-0.16672,0.032975,1.8515,1,21.909,-9.3246e-06,0.95738,1,-1.3054,-2.1643,0.1503,2.446,-1.4557,0.11242,-0.000608,1.375
0.21894,-0.28282,-0.3166,0.045965,0.96647,-1,-8.1283,-2.5454e-05,0.23176,1,-0.42089,-0.8196,-0.1132,1.3319,-0.30769,0.055266,-0.0029375,2.125
0.18593,-0.19652,-0.053258,0.034159,0.81168,0,-12.597,5.8766e-06,-0.25185,1,-0.069,-2.51,0.2592,-0.12806,-0.3282,-0.046055,-0.0053772,2.625
0.15629,-0.25887,-0.19421,0.14917,1.0494,1,-1.8248,-6.2048e-06,0.031959,0,-0.4753,0.076838,0.2388,-0.14087,-0.71411,0.0068081,0.00097128,3.5
0.22524,-0.43797,0.37993,-0.19401,0.37731,0,-39.392,-8.5261e-07,-0.1189,0,0.8094,0.33296,0.2955,-2.8558,0.5139,-0.079498,0.0021814,2
0.33886,-0.73987,0.2856,-0.97539,1.1888,-1,21.503,-4.7794e-05,0.05399,0,0.39469,-0.88364,0.76771,0.57628,-0.37302,0.035332,0.0018455,1.5
0.25903,0.10119,-0.2739,-1.0339,0.3572,-1,23.723,-5.3954e-05,0.0064318,0,-0.4116,-0.53787,-0.27155,-0.97328,-0.14005,-0.04818,-0.0014971,3
0.39093,-0.59681,0.22065,-1.083,1.221,-1,34.264,-4.2999e-05,0.70194,-1,-0.45481,-0.51225,-0.012069,-0.98609,-0.44274,0.16367,0.00036127,1.125
0.33717,-0.39388,0.13452,-0.4321,0.85853,0,-14.499,-4.6425e-05,0.76688,0,0.24309,-1.6008,0.8968,-1.1526,-0.65371,0.1462,0.0024054,1
0.21404,-0.90081,-0.39534,-0.18477,0.29028,-1,14.163,-4.3555e-06,0.010404,-1,-0.1575,0.58909,-0.06615,-2.843,-0.091351,-0.04818,0.0038076,3.5
0.33778,-0.50435,-0.07095,-1.0378,0.94352,0,28.202,-3.1449e-05,0.063181,0,0.4575,-0.85802,0.5987,-2.8302,-0.1412,0.018928,5.9965e-06,1.375
0.12178,0.04521,-0.051352,-0.090817,0.084683,0,6.2016,-9.8063e-06,-0.0041898,1,0.1237,0.025613,0.036599,-0.19209,0.087105,0,-8.6687e-05,4
0.3312,0.32647,-1.0812,0.2482,0.88712,1,10.195,-9.244e-06,0.11091,1,-0.6882,-0.83241,-0.52549,0.025613,-0.16271,-0.18455,-0.0057302,1.25
0.17421,-0.20053,0.076286,-0.11755,0.78341,0,-16.623,-1.6656e-05,-0.10488,1,0.27421,-0.33296,-0.1984,3.2272,0.47261,-0.041011,-0.0035635,3.125
0.21784,-0.10175,-0.85257,-0.11688,0.86196,0,-2.6577,2.4755e-05,-0.078814,0,0.29591,-0.83241,-0.14755,-0.19209,0.44346,-0.067108,-0.0073669,2.75
0.15466,-0.34555,-0.077361,-0.012827,0.94411,0,-1.593,-3.4891e-06,0.072159,1,-0.1883,-0.11526,-0.16028,-0.2049,-0.028021,0.043423,-0.0032599,3.375
0.10891,0.016829,-0.11481,-0.14206,0.64412,0,-13.097,-5.5024e-06,-0.0081883,1,0.1622,-0.025613,0.0056001,-0.2049,0.1566,0.016404,-0.00058939,4
